Run 0
[-17.0, -0.0, -107998.69050217952]
[-17.0, -0.0, -107998.69050217952]

Run 1
[-17.0, -0.0, -239228.20565535143]

Run 2
[-16.0, -0.0, -243551.39066003176]

Run 3
[-17.0, -0.0, -107998.69050217952]

Run 4
[-17.0, -0.0, -107998.69050217952]

Run 5
[-17.0, -0.0, -140630.1571865083]
[-17.0, -0.0, -140630.1571865083]

Run 6
[-17.0, -0.0, -198727.46913719762]
[-17.0, -0.0, -270757.85658287432]
[-17.0, -0.0, -371808.91850850178]
[-17.0, -0.0, -278451.13987348368]

Run 7
[-18.0, -0.0, -160564.3271178666]
[-18.0, -0.0, -317304.0097984306]
[-18.0, -0.0, -107226.2984596673]
[-18.0, -0.0, -62647.076859455316]
[-18.0, -0.0, -154102.09360941939]

Run 8
[-17.0, -0.0, -107998.69050217952]

Run 9
[-17.0, -0.0, -107998.69050217952]

Run 10
[-18.0, -0.0, -112362.92230110141]

Run 11
[-18.0, -0.0, -99151.276143005365]
[-18.0, -0.0, -66519.809458676595]

Run 12
[-18.0, -0.0, -0.0]

Run 13
[-17.0, -0.0, -107998.69050217952]

Run 14
[-17.0, -0.0, -107998.69050217952]
[-17.0, -0.0, -140630.1571865083]

Run 15
[-20.0, -0.0, -107998.69050217952]
[-20.0, -0.0, -107998.69050217952]
[-20.0, -0.0, -409289.00022340607]
[-20.0, -0.0, -225881.98507778934]
[-17.0, -0.0, -178447.50991044118]

Run 16
[-17.0, -0.0, -107998.69050217952]
[-17.0, -0.0, -261734.44097753955]
[-17.0, -0.0, -382576.3480337814]
[-17.0, -0.0, -454770.43017691781]
[-17.0, -0.0, -326386.20995688497]
[-17.0, -0.0, -389737.42006853491]
[-17.0, -0.0, -369581.12253122742]
[-17.0, -0.0, -294677.63490184513]

Run 17
[-17.0, -0.0, -107998.69050217952]

Run 18
[-17.0, -0.0, -107998.69050217952]

Run 19
[-18.0, -0.0, -81494.414789399438]

Run 20
[-16.0, -0.0, -550030.57980586856]
[-16.0, -0.0, -382167.53539786057]
[-16.0, -0.0, -330909.100146165]
[-16.0, -0.0, -410210.55792392243]
[-16.0, -0.0, -322395.22743433918]

Run 21
[-16.0, -0.0, -243551.39066003176]

Run 22
[-13.0, -0.0, -134071.450262178]
[-13.0, -0.0, -276384.56045398361]
[-13.0, -0.0, -160641.72287266806]
[-13.0, -0.0, -163947.76981187932]

Run 23
[-17.0, -0.0, -153195.65231097219]
[-17.0, -0.0, -253898.95946619922]
[-17.0, -0.0, -217796.43410363951]
[-17.0, -0.0, -278580.86603911029]
[-17.0, -0.0, -303792.54444583796]
[-17.0, -0.0, -222428.44990037405]
[-17.0, -0.0, -362408.28680514259]

Run 24
[-17.0, -0.0, -107998.69050217952]

Run 25
[-17.0, -0.0, -107998.69050217952]

Run 26
[-17.0, -0.0, -107998.69050217952]
[-17.0, -0.0, -208701.99765740655]
[-17.0, -0.0, -168977.94546647047]

Run 27
[-17.0, -0.0, -107998.69050217952]

Run 28
[-18.0, -0.0, -81494.414789399438]
[-18.0, -0.0, -81494.414789399438]
[-18.0, -0.0, -108450.56659191012]
[-18.0, -0.0, -81494.414789399438]

Run 29
[-17.5, -0.0, -131047.57843802197]

