Run 0
[-19.0, -1.5, -23300]
[-19.0, -1.5, -24805]
[-24.670000000000002, -1.0, -25105]
[-19.0, -1.5, -21944]

Run 1
[-24.670000000000002, -1.0, -25105]
[-19.0, -1.5, -21944]
[-19.0, -1.5, -23973]
[-19.0, -1.5, -23300]

Run 2
[-19.0, -1.5, -31367]
[-19.0, -1.5, -31529]
[-19.0, -1.5, -29837]
[-19.0, -1.5, -24682]
[-19.0, -1.5, -25447]
[-19.0, -1.5, -26372]
[-19.0, -1.5, -27269]
[-19.0, -1.5, -28606]
[-19.0, -1.5, -26038]
[-19.0, -1.5, -31151]
[-19.0, -1.5, -25731]
[-19.0, -1.5, -29875]
[-25.670000000000002, -1.0, -28980]
[-19.0, -1.5, -24682]
[-19.0, -1.5, -25731]
[-19.0, -1.5, -30444]
[-19.0, -1.5, -25764]
[-19.0, -1.5, -29301]

Run 3
[-26.0, -1.0, -26244]
[-19.0, -1.5, -28013]
[-19.0, -1.5, -31342]
[-19.0, -1.5, -31558]
[-19.0, -1.5, -33812]
[-19.0, -1.5, -29647]

Run 4
[-24.670000000000002, -1.0, -23749]
[-19.0, -1.5, -21944]

Run 5
[-19.329999999999998, -3.0, -26168]
[-19.329999999999998, -3.0, -27221]
[-19.329999999999998, -3.0, -28509]
[-19.329999999999998, -3.0, -26168]
[-19.329999999999998, -3.0, -28486]
[-19.329999999999998, -3.0, -28254]
[-19.329999999999998, -3.0, -28499]
[-19.329999999999998, -3.0, -30096]
[-19.329999999999998, -3.0, -26168]
[-19.5, -1.5, -23300]
[-19.0, -1.5, -25920]

Run 6
[-19.5, -1.5, -25649]
[-19.5, -1.5, -27154]
[-19.5, -1.5, -28593]
[-19.5, -1.5, -32239]
[-25.0, -1.0, -27454]
[-19.5, -1.5, -25649]
[-19.5, -1.5, -28658]
[-19.5, -1.5, -29418]
[-19.5, -1.5, -27154]
[-19.5, -1.5, -26440]
[-19.329999999999998, -3.0, -27673]

Run 7
[-19.0, -1.5, -22658]
[-19.0, -1.5, -36239]
[-19.0, -1.5, -25084]
[-19.0, -1.5, -30232]
[-19.0, -1.5, -24688]
[-19.0, -1.5, -31815]
[-19.0, -1.5, -33855]
[-19.0, -1.5, -31585]
[-19.0, -1.5, -28791]
[-19.0, -1.5, -23177]
[-19.0, -1.5, -30074]
[-19.0, -1.5, -34646]
[-19.0, -1.5, -33976]
[-19.0, -1.5, -28107]
[-19.0, -1.5, -28014]
[-19.0, -1.5, -30024]
[-24.670000000000002, -1.0, -27970]

Run 8
[-19.0, -1.5, -24865]
[-19.0, -1.5, -23177]
[-24.670000000000002, -1.0, -26475]
[-19.0, -1.5, -23177]

Run 9
[-19.5, -1.5, -24935]
[-19.329999999999998, -3.0, -26168]
[-19.329999999999998, -3.0, -28307]
[-19.329999999999998, -3.0, -28675]
[-19.329999999999998, -3.0, -29307]
[-19.329999999999998, -3.0, -28743]
[-19.329999999999998, -3.0, -27276]
[-19.329999999999998, -3.0, -26168]
[-19.329999999999998, -3.0, -27276]
[-19.5, -1.5, -25267]
[-19.5, -1.5, -24935]

