Run 0
[-19.0, -1.5, -23300]
[-19.0, -1.5, -24805]
[-24.670000000000002, -1.0, -25105]
[-19.0, -1.5, -21944]

Run 1
[-24.670000000000002, -1.0, -25105]
[-19.0, -1.5, -21944]
[-19.0, -1.5, -23973]
[-19.0, -1.5, -23300]

Run 2
[-19.0, -1.5, -31367]
[-19.0, -1.5, -31529]
[-19.0, -1.5, -29837]
[-19.0, -1.5, -24682]
[-19.0, -1.5, -25447]
[-19.0, -1.5, -26372]
[-19.0, -1.5, -27269]
[-19.0, -1.5, -28606]
[-19.0, -1.5, -26038]
[-19.0, -1.5, -31151]
[-19.0, -1.5, -25731]
[-19.0, -1.5, -29875]
[-25.670000000000002, -1.0, -28980]
[-19.0, -1.5, -24682]
[-19.0, -1.5, -25731]
[-19.0, -1.5, -30444]
[-19.0, -1.5, -25764]
[-19.0, -1.5, -29301]

Run 3
[-26.0, -1.0, -26244]
[-19.0, -1.5, -28013]
[-19.0, -1.5, -31342]
[-19.0, -1.5, -31558]
[-19.0, -1.5, -33812]
[-19.0, -1.5, -29647]

Run 4
[-24.670000000000002, -1.0, -23749]
[-19.0, -1.5, -21944]

Run 5
[-19.329999999999998, -3.0, -26168]
[-19.329999999999998, -3.0, -27221]
[-19.329999999999998, -3.0, -28509]
[-19.329999999999998, -3.0, -26168]
[-19.329999999999998, -3.0, -28486]
[-19.329999999999998, -3.0, -28254]
[-19.329999999999998, -3.0, -28499]
[-19.329999999999998, -3.0, -30096]
[-19.329999999999998, -3.0, -26168]
[-19.5, -1.5, -23300]
[-19.0, -1.5, -25920]

Run 6
[-19.5, -1.5, -25649]
[-19.5, -1.5, -27154]
[-19.5, -1.5, -28593]
[-19.5, -1.5, -32239]
[-25.0, -1.0, -27454]
[-19.5, -1.5, -25649]
[-19.5, -1.5, -28658]
[-19.5, -1.5, -29418]
[-19.5, -1.5, -27154]
[-19.5, -1.5, -26440]
[-19.329999999999998, -3.0, -27673]

Run 7
[-19.0, -1.5, -22658]
[-19.0, -1.5, -36239]
[-19.0, -1.5, -25084]
[-19.0, -1.5, -30232]
[-19.0, -1.5, -24688]
[-19.0, -1.5, -31815]
[-19.0, -1.5, -33855]
[-19.0, -1.5, -31585]
[-19.0, -1.5, -28791]
[-19.0, -1.5, -23177]
[-19.0, -1.5, -30074]
[-19.0, -1.5, -34646]
[-19.0, -1.5, -33976]
[-19.0, -1.5, -28107]
[-19.0, -1.5, -28014]
[-19.0, -1.5, -30024]
[-24.670000000000002, -1.0, -27970]

Run 8
[-19.0, -1.5, -24865]
[-19.0, -1.5, -23177]
[-24.670000000000002, -1.0, -26475]
[-19.0, -1.5, -23177]

Run 9
[-19.5, -1.5, -24935]
[-19.329999999999998, -3.0, -26168]
[-19.329999999999998, -3.0, -28307]
[-19.329999999999998, -3.0, -28675]
[-19.329999999999998, -3.0, -29307]
[-19.329999999999998, -3.0, -28743]
[-19.329999999999998, -3.0, -27276]
[-19.329999999999998, -3.0, -26168]
[-19.329999999999998, -3.0, -27276]
[-19.5, -1.5, -25267]
[-19.5, -1.5, -24935]

Run 10
[-19.0, -1.5, -23300]
[-19.0, -1.5, -27099]
[-24.670000000000002, -1.0, -25105]

Run 11
[-24.670000000000002, -1.0, -25105]
[-19.0, -1.5, -22658]
[-19.0, -1.5, -24014]
[-19.0, -1.5, -22658]

Run 12
[-19.0, -1.5, -21944]
[-19.0, -1.5, -21944]
[-24.670000000000002, -1.0, -23749]

Run 13
[-19.0, -1.5, -24163]
[-19.0, -1.5, -24028]
[-19.0, -1.5, -26851]
[-24.670000000000002, -1.0, -27237]

Run 14
[-24.670000000000002, -1.0, -27924]
[-19.0, -1.5, -27548]
[-19.0, -1.5, -30846]

Run 15
[-19.0, -1.5, -23579]
[-19.0, -1.5, -25401]
[-24.670000000000002, -1.0, -29364]
[-19.0, -1.5, -24026]
[-19.0, -1.5, -25401]
[-19.0, -1.5, -27140]
[-19.0, -1.5, -23579]

Run 16
[-19.0, -1.5, -24533]
[-19.0, -1.5, -26643]
[-19.0, -1.5, -25247]
[-19.0, -1.5, -24533]
[-19.0, -1.5, -24533]
[-24.670000000000002, -1.0, -25105]

Run 17
[-25.670000000000002, -1.0, -28463]
[-19.0, -1.5, -25216]
[-19.0, -1.5, -26220]
[-19.0, -1.5, -26752]
[-19.0, -1.5, -25216]
[-19.0, -1.5, -28169]
[-19.0, -1.5, -25396]
[-19.0, -1.5, -26752]
[-19.0, -1.5, -28930]
[-19.0, -1.5, -28676]

Run 18
[-19.0, -1.5, -22658]
[-19.0, -1.5, -24163]
[-24.670000000000002, -1.0, -24463]

Run 19
[-19.5, -1.5, -24014]
[-19.5, -1.5, -27850]
[-25.0, -1.0, -25819]
[-19.5, -1.5, -24293]
[-19.0, -1.5, -27967]

Run 20
[-19.5, -1.5, -24533]
[-19.329999999999998, -3.0, -26168]
[-19.329999999999998, -3.0, -26168]
[-19.329999999999998, -3.0, -30918]
[-19.329999999999998, -3.0, -26168]
[-19.329999999999998, -3.0, -27673]
[-19.329999999999998, -3.0, -26168]
[-19.329999999999998, -3.0, -26168]
[-19.329999999999998, -3.0, -27881]
[-19.329999999999998, -3.0, -26168]

Run 21
[-19.0, -1.5, -22658]
[-19.0, -1.5, -25798]
[-19.0, -1.5, -27138]
[-24.670000000000002, -1.0, -26889]
[-19.0, -1.5, -24293]
[-19.0, -1.5, -25468]
[-19.0, -1.5, -27008]
[-19.0, -1.5, -25416]
[-19.0, -1.5, -26856]
[-19.0, -1.5, -23449]
[-19.0, -1.5, -28139]
[-19.0, -1.5, -23449]
[-19.0, -1.5, -23579]

Run 22
[-19.0, -1.5, -26921]
[-19.0, -1.5, -29437]
[-19.0, -1.5, -28120]
[-25.0, -1.0, -25105]

Run 23
[-19.0, -1.5, -24461]
[-19.0, -1.5, -24014]
[-19.0, -1.5, -26617]
[-19.0, -1.5, -23300]
[-24.670000000000002, -1.0, -27338]
[-19.0, -1.5, -23300]
[-19.0, -1.5, -24533]
[-19.0, -1.5, -26612]
[-19.0, -1.5, -23300]
[-19.0, -1.5, -23300]
[-19.0, -1.5, -24533]
[-19.0, -1.5, -25247]

Run 24
[-19.0, -1.5, -21944]
[-24.670000000000002, -1.0, -23749]

Run 25
[-19.329999999999998, -3.0, -26168]
[-19.329999999999998, -3.0, -27673]
[-19.5, -1.5, -24533]
[-26.0, -1.0, -26244]
[-19.0, -1.5, -26562]

Run 26
[-19.0, -1.5, -25247]
[-19.0, -1.5, -30147]
[-19.0, -1.5, -29611]
[-19.0, -1.5, -27575]
[-19.0, -1.5, -29059]
[-25.0, -1.0, -33823]

Run 27
[-19.0, -1.5, -22658]
[-19.0, -1.5, -25213]
[-19.0, -1.5, -26754]
[-19.0, -1.5, -23300]
[-24.670000000000002, -1.0, -25105]

Run 28
[-24.670000000000002, -1.0, -25105]
[-19.0, -1.5, -23300]
[-19.0, -1.5, -23300]

Run 29
[-24.670000000000002, -1.0, -23749]
[-19.0, -1.5, -21944]
[-19.0, -1.5, -24965]
[-19.0, -1.5, -23449]

